155 144 144 144 145 157 157 145 145 157 157 145 144 144 144 155
144  56  68  72  66 157 157  83  83 157 157  83  72  68  56 144
144  68 121 137  66 157 157 139 139 157 157 139 137 121  68 144
144  72 137  77  54  83 139  77  77 139  83  66  77 137  72 144
145  83 139  66 155 144 144 144 144 144 144 155  66 139  83 145
157 157 157  66 126  56  68  72  72  68  56 144  66 153 141 154
157 157 157  66  70  68 121 137 137 121  68 144  66 141  88 146
157 157 157  66 132  72 137 157 157 137  72 144  66 137  72 144
144  72 137  77 144  72 137 157 157 137  72  64  77 157 157 157
146  88 141 139 144  68 121 137 137 121  68 144 139 157 157 157
154 141 153  83 144  56  68  72  72  68  56 144  83 157 157 157
145  83 139  66 155 144 144 144 132  70 126 155  66 139  83 145
144  72 137  77  66  83 139 157  66  66  66  54  77 137  72 144
144  68 121 137 139 157 157 139 139 157 157  66 137 121  68 144
144  56  68  72  83 157 157  83  83 157 157  66  72  68  56 144
155 144 144 144 145 157 157 145 145 157 157 145 144 144 144 155
184 169 169 169 171 187 187 171 171 187 187 171 169 169 169 184
169  48  64  70  61 187 187  84  84 187 187  84  70  64  48 169
169  64 138 160  61 187 187 163 163 187 187 163 160 138  64 169
169  70 160  76  45  84 163  76  76 163  84  61  76 160  70 169
171  84 163  61 184 169 169 169 169 169 169 184  61 163  84 171
187 187 187  61 145  48  64  70  70  64  48 169  61 181 165 183
187 187 187  61  66  64 138 160 160 138  64 169  61 165  91 172
187 187 187  61 153  70 160 187 187 160  70 169  61 160  70 169
169  70 160  76 169  70 160 187 187 160  70  58  76 187 187 187
172  91 165 163 169  64 138 160 160 138  64 169 163 187 187 187
183 165 181  84 169  48  64  70  70  64  48 169  84 187 187 187
171  84 163  61 184 169 169 169 153  66 145 184  61 163  84 171
169  70 160  76  61  84 163 187  61  61  61  45  76 160  70 169
169  64 138 160 163 187 187 163 163 187 187  61 160 138  64 169
169  48  64  70  84 187 187  84  84 187 187  61  70  64  48 169
184 169 169 169 171 187 187 171 171 187 187 171 169 169 169 184
180 160 160 160 162 183 183 162 162 183 183 162 160 160 160 180
160   6  28  34  22 183 183  52  52 183 183  52  34  28   6 160
160  28 121 148  22 183 183 153 153 183 183 153 148 121  28 160
160  34 148  42   2  53 153  42  42 153  53  22  42 148  34 160
162  53 153  22 180 160 160 160 160 160 160 180  22 153  53 162
183 183 183  22 130   6  28  34  34  28   6 160  22 176 155 178
183 183 183  22  30  28 121 148 148 121  28 160  22 155  62 164
183 183 183  22 140  34 148 183 183 148  34 160  22 148  34 160
160  34 148  42 160  34 148 183 183 148  34  20  42 183 183 183
164  62 155 153 160  28 121 148 148 121  28 160 153 183 183 183
178 155 176  52 160   6  28  34  34  28   6 160  52 183 183 183
162  53 153  22 180 160 160 160 140  30 130 180  22 153  53 162
160  34 148  42  22  53 153 183  22  22  22   2  42 148  34 160
160  28 121 148 153 183 183 153 153 183 183  22 148 121  28 160
160   6  28  34  52 183 183  52  52 183 183  22  34  28   6 160
180 160 160 160 162 183 183 162 162 183 183 162 160 160 160 180

155 144 144 144 145 154 146 144 157 157 157 145 144 144 144 155
144  56  68  72  83 141  88  72 157 157 157  83  72  68  56 144
144  68 121 137 139 153 141 137 157 157 157 139 137 121  68 144
144  72 137  77  66  66  66  66  77 139  83  66  77 137  72 144
145  83 139  66 155 144 144 144  64 144 144 155  54  66  66 145
157 157 157  83 144  56  68  72  72  68  56 126  66 157 157 157
157 157 157 139 144  68 121 137 137 121  68  70  66 157 157 157
145  83 139  77 144  72 137 157 157 137  72 132  66 139  83 145
145  83 139  77 144  72 137 157 157 137  72 144 157 139  83 145
157 157 157 139 144  68 121 137 137 121  68 144 139 157 157 157
157 157 157  83 144  56  68  72  72  68  56 144  83 157 157 157
145  66  66  54 155 126  70 132 144 144 144 155  66 139  83 145
144  72 137  77  66  66  66  66  77 139  83  66  77 137  72 144
144  68 121 137 139 157 157 157 137 141 153 139 137 121  68 144
144  56  68  72  83 157 157 157  72  88 141  83  72  68  56 144
155 144 144 144 145 157 157 157 144 146 154 145 144 144 144 155
184 169 169 169 171 183 172 169 187 187 187 171 169 169 169 184
169  48  64  70  84 165  91  70 187 187 187  84  70  64  48 169
169  64 138 160 163 181 165 160 187 187 187 163 160 138  64 169
169  70 160  76  61  61  61  61  76 163  84  61  76 160  70 169
171  84 163  61 184 169 169 169  58 169 169 184  45  61  61 171
187 187 187  84 169  48  64  70  70  64  48 145  61 187 187 187
187 187 187 163 169  64 138 160 160 138  64  66  61 187 187 187
171  84 163  76 169  70 160 187 187 160  70 153  61 163  84 171
171  84 163  76 169  70 160 187 187 160  70 169 187 163  84 171
187 187 187 163 169  64 138 160 160 138  64 169 163 187 187 187
187 187 187  84 169  48  64  70  70  64  48 169  84 187 187 187
171  61  61  45 184 145  66 153 169 169 169 184  61 163  84 171
169  70 160  76  61  61  61  61  76 163  84  61  76 160  70 169
169  64 138 160 163 187 187 187 160 165 181 163 160 138  64 169
169  48  64  70  84 187 187 187  70  91 165  84  70  64  48 169
184 169 169 169 171 187 187 187 169 172 183 171 169 169 169 184
180 160 160 160 162 178 164 160 183 183 183 162 160 160 160 180
160   6  28  34  53 155  62  34 183 183 183  53  34  28   6 160
160  28 121 148 153 176 155 148 183 183 183 153 148 121  28 160
160  34 148  42  22  22  22  22  42 153  52  22  42 148  34 160
162  52 153  22 180 160 160 160  20 160 160 180   2  22  22 162
183 183 183  53 160   6  28  34  34  28   6 130  22 183 183 183
183 183 183 153 160  28 121 148 148 121  28  30  22 183 183 183
162  52 153  42 160  34 148 183 183 148  34 140  22 153  52 162
162  52 153  42 160  34 148 183 183 148  34 160 183 153  52 162
183 183 183 153 160  28 121 148 148 121  28 160 153 183 183 183
183 183 183  53 160   6  28  34  34  28   6 160  53 183 183 183
162  22  22   2 180 130  30 140 160 160 160 180  22 153  52 162
160  34 148  42  22  22  22  22  42 153  52  22  42 148  34 160
160  28 121 148 153 183 183 183 148 155 176 153 148 121  28 160
160   6  28  34  53 183 183 183  34  62 155  53  34  28   6 160
180 160 160 160 162 183 183 183 160 164 178 162 160 160 160 180

156 148 147 147 148 155 155 148 148 155 155 148 147 147 148 156
148  86  85  88  77 143 146  95  95 146 146  95  88  85  86 148
147  85 118 122  61 126 137 123 139 150 140 123 122 118  85 147
147  88 122  71  53  61  62  62 157 139  80  62  71 122  88 147
148  95 123  62 156 131  85 138 147 147 148 156  62 123  95 148
155 146 140  80 148  83  74  87  88  85  86 148  80 137 133 153
157 157 151 124 132  82 121 137 137 121  85 147 124 135 101 149
157 157 142  71  61  73 137 157 157 137  88 147  71 122  88 147
147  88 121  62 147  88 137 157 157 137  87 138  62 140 157 157
149 101 124  62 147  85 121 137 137 121  74  85  62 140 157 157
153 133 134  62 148  86  85  88  88  85  83 131  62 137 146 155
148  95 123  62 156 148 147 147 147 147 148 156  62 123  95 148
147  88 122  71  62  80 124  71  71 124  78  53  71 122  88 147
147  85 118 122 123 140 148 124 124 148 129  61 122 118  85 147
148  86  85  88  95 146 146  95  95 146 143  77  88  85  86 148
156 148 147 147 148 155 155 148 148 155 155 148 147 147 148 156
185 175 173 173 174 184 184 174 174 184 184 174 173 173 175 185
175  89  87  92  76 168 172 101 101 172 172 101  92  87  89 175
173  87 134 139  54 145 160 140 162 178 164 140 139 134  87 173
173  92 139  68  44  54  56  56 187 162  80  56  68 139  92 173
174 101 140  56 185 151  87 161 173 173 175 185  56 140 101 174
184 172 164  80 175  85  72  90  92  87  89 175  80 159 154 182
187 187 179 142 153  83 138 160 160 138  87 173 142 157 110 176
187 187 166  68  55  72 160 187 187 160  92 173  68 139  92 173
173  92 137  56 173  92 160 187 187 160  90 161  56 164 187 187
176 110 142  56 173  87 138 160 160 138  72  87  56 164 187 187
182 154 155  56 175  89  87  92  92  87  85 151  56 160 172 184
174 101 140  56 185 175 173 173 173 173 175 185  56 140 101 174
173  92 139  68  56  80 142  68  68 142  78  44  68 139  92 173
173  87 134 139 140 164 175 142 142 175 149  54 139 134  87 173
175  89  87  92 101 172 172 101 101 172 168  76  92  87  89 175
185 175 173 173 174 184 184 174 174 184 184 174 173 173 175 185
181 168 165 165 167 180 180 167 167 180 180 167 165 165 168 181
168  58  55  62  42 158 163  73  73 163 163  73  62  55  58 168
165  55 115 122  14 129 148 122 151 172 154 122 122 115  55 165
165  62 122  32   1  14  17  17 183 151  48  17  32 122  62 165
167  73 122  17 181 137  56 150 165 165 168 181  17 122  73 167
180 163 154  48 168  52  37  59  62  55  58 168  48 147 141 177
183 183 172 125 139  51 120 148 148 120  55 165 125 144  84 168
183 183 156  32  15  36 148 183 183 148  62 165  32 122  62 165
165  62 119  17 165  62 148 183 183 148  59 150  17 154 183 183
168  84 126  17 165  55 120 148 148 120  37  56  17 154 183 183
177 141 142  17 168  58  55  62  62  55  52 137  17 148 163 180
167  73 122  17 181 168 165 165 165 165 168 181  17 122  73 167
165  62 122  32  17  48 125  32  32 125  45   1  32 122  62 165
165  55 115 122 122 154 167 125 125 167 135  14 122 115  55 165
168  58  55  62  73 163 163  73  73 163 158  42  62  55  58 168
181 168 165 165 167 180 180 167 167 180 180 167 165 165 168 181

156 149 147 147 148 154 149 147 157 157 155 148 147 147 149 156
149  86  85  89  95 133 102  89 157 157 146  95  89  85  86 149
147  85 119 123 123 137 135 123 141 141 138 123 123 119  85 147
147  89 123  72  63  80 125  72  63  63  63  63  72 123  89 147
148  95 123  63 156 149 147 147 138  85 131 156  54  61  77 148
155 146 141  80 149  86  85  89  87  74  83 149  79 130 143 155
155 146 151 139 147  85 122 138 138 122  85 147 125 148 146 155
148  95 139 157 147  89 138 157 157 138  89 147  72 125  95 148
148  95 123  63 138  87 138 157 157 138  89 147  72 125  95 148
155 146 138  63  85  74 122 138 138 122  85 147 125 148 146 155
155 143 127  61 131  83  82  74  89  85  86 149  80 141 146 155
148  77  61  54 156 149 132  62 147 147 149 156  63 123  95 148
147  89 123  72  63  80 125  72  63  63  63  63  72 123  89 147
147  85 119 123 123 141 151 142 121 125 134 123 123 119  85 147
149  86  85  89  95 146 157 157  89 102 133  95  89  85  86 149
156 149 147 147 148 155 157 157 147 149 154 148 147 147 149 156
186 176 174 174 175 182 176 174 187 187 185 175 174 174 176 186
176  90  87  93 101 155 110  93 187 187 172 101  93  87  90 176
174  87 135 140 140 159 157 140 165 165 160 140 140 135  87 174
174  93 140  69  57  81 142  69  57  57  57  57  69 140  93 174
175 101 140  57 186 176 174 174 161  88 151 186  44  54  77 175
185 172 165  81 176  90  87  93  90  73  85 176  79 150 168 185
185 172 179 163 174  87 138 160 160 138  87 174 142 175 172 185
175 101 163 187 174  93 160 187 187 160  93 174  69 142 101 175
175 101 140  57 161  90 160 187 187 160  93 174  69 142 101 175
185 172 160  57  88  73 138 160 160 138  87 174 142 175 172 185
185 168 146  54 151  85  84  72  93  87  90 176  81 165 172 185
175  77  54  44 186 176 153  55 174 174 176 186  57 140 101 175
174  93 140  69  57  81 142  69  57  57  57  57  69 140  93 174
174  87 135 140 140 165 179 167 138 143 155 140 140 135  87 174
176  90  87  93 101 172 187 187  93 110 155 101  93  87  90 176
186 176 174 174 175 185 187 187 174 176 182 175 174 174 176 186
181 168 166 166 167 177 169 166 183 183 180 167 166 166 168 181
168  58  56  62  74 141  85  62 183 183 164  74  62  56  58 168
166  56 116 122 123 148 145 122 154 154 149 123 122 116  56 166
166  62 122  33  17  48 126  33  17  17  17  17  33 122  62 166
167  74 123  17 181 168 166 166 150  56 137 181   2  14  43 167
180 164 154  48 168  58  56  62  60  37  53 168  45 135 159 180
180 164 172 152 166  56 120 149 149 120  56 166 126 168 164 180
167  74 152 183 166  62 149 183 183 149  62 166  33 126  74 167
167  74 123  17 150  60 149 183 183 149  62 166  33 126  74 167
180 164 149  17  56  37 120 149 149 120  56 166 126 168 164 180
180 159 130  14 137  53  51  37  62  56  58 168  48 154 164 180
167  43  14   2 181 168 140  16 166 166 168 181  17 123  74 167
166  62 122  33  17  48 126  33  17  17  17  17  33 122  62 166
166  56 116 122 123 154 173 157 120 126 142 123 122 116  56 166
168  58  56  62  74 164 183 183  62  85 141  74  62  56  58 168
181 168 166 166 167 180 183 183 166 169 177 167 166 166 168 181
